commit: 9d83a363fb6ed886daf59264ba3af56d6900269a master
cv_scores: [ 0.94054054  0.93513514  0.97282609  0.95108696  0.91847826  0.95108696
  0.94021739  0.95108696  0.94565217  0.9673913 ]
cv_score_mean: 0.947350176263
cv_score_std: 0.0147495258257
