commit: a2c8956cfa0b4693426efa52a2cbb61812f50b30 master
cv_scores: [ 0.94054054  0.94054054  0.97826087  0.95108696  0.91847826  0.95652174
  0.94565217  0.95652174  0.95652174  0.9673913 ]
cv_score_mean: 0.951151586369
cv_score_std: 0.0155181822331
