commit: 44dfb91660947a5d8ab0a1991e04b8b278039c48 master
cv_scores: [ 0.98918919  0.98918919  0.98913043  0.98913043  0.99456522  0.97282609
  1.          0.98369565  1.          0.98913043]
cv_score_mean: 0.989685663925
cv_score_std: 0.00747077297359
