commit: 2de4da691ec8535f1ae3f271b1fd73586013995c master
cv_scores: [ 0.98918919  0.99459459  0.99456522  0.98913043  0.99456522  0.97826087
  0.99456522  0.97826087  1.          0.99456522]
cv_score_mean: 0.990769682726
cv_score_std: 0.00689622323004
